10000.000000 150.4088
10985.411420 150.4122
12067.926406 150.4191
13257.113656 150.4302
14563.484775 150.4460
15998.587196 150.4672
17575.106249 150.4947
19306.977289 150.5296
21209.508879 150.5731
23299.518105 150.6271
25595.479227 150.6933
28117.686980 150.7740
30888.435965 150.8729
33932.217719 150.9912
37275.937203 151.1352
40949.150624 151.3092
44984.326690 151.5192
49417.133613 151.7724
54286.754393 152.0774
59636.233166 152.4445
65512.855686 152.8860
71968.567300 153.4166
79060.432109 154.0535
86851.137375 154.8174
95409.547635 155.7324
104811.313415 156.8273
115139.539933 158.1353
126485.521686 159.6953
138949.549437 161.5527
152641.796718 163.7597
167683.293681 166.3761
184206.996933 169.4698
202358.964773 173.1173
222299.648253 177.4035
244205.309455 182.4212
268269.579528 188.2698
294705.170255 195.0533
323745.754282 202.8765
355648.030622 211.8410
390693.993705 222.0396
429193.426013 233.5504
471486.636346 246.4303
517947.467923 260.7105
568986.602902 276.3938
625055.192527 293.4565
686648.845004 311.8551
754312.006335 331.5405
828642.772855 352.4781
910298.177992 374.6751
1000000.000000 398.2128
